%YAML:1.0

cam0:
  T_cam_imu:
    - [-0.004263620201381484, -0.9992389914249981, 0.03877189134837411, -0.005142004232256828]
    - [-0.9899528231979525, -0.001262229008828768, -0.14139241358832355, 0.05147347404772735]
    - [0.14133375175512974, -0.038985186851944506, -0.9891940789455511, -0.033053267917590196]
    - [0.0, 0.0, 0.0, 1.0]
  cam_overlaps: []
  camera_model: pinhole
  distortion_coeffs: [0.33710311992260483, -0.6608873129773045, 0.0017480007803027501, 0.0013273993281451733]
  distortion_model: radtan
  intrinsics: [450.9001376277664, 451.64501357703983, 316.60086948992995, 238.55082382039052]
  resolution: [640, 480]
  rostopic: /usb_cam/image_raw
  timeshift_cam_imu: -0.07461084970396581