%YAML:1.0

cam0:
  T_cam_imu:
    - [-0.015762913496018743, -0.9998464111596603, 0.00766059066019005, 0.0014630742824483425]
    - [-0.9859786438527827, 0.014270436184383867, -0.16626024334558595, 0.04919538716228219]
    - [0.1661253876574651, -0.010173924623928993, -0.9860521521873992, -0.025523979544528633]
    - [0.0, 0.0, 0.0, 1.0]
  cam_overlaps: []
  camera_model: pinhole
  distortion_coeffs: [0.3102231723850407, -0.5807033645550962, 0.0014436381926932942, -0.00015286676985560882]
  distortion_model: radtan
  intrinsics: [450.7771251768048, 450.6146573628644, 315.2531825629213, 238.10382532001506]
  resolution: [640, 480]
  rostopic: /usb_cam/image_raw
  timeshift_cam_imu: -0.0805986562324266