%YAML:1.0

cam0:
  T_cam_imu:
    - [-0.022816244159088186, -0.9997017020866856, 0.008713543909155061, 0.005151319100617828]
    - [-0.985969843705699, 0.0210595372014543, -0.16558974363112097, 0.04032461272674646]
    - [0.16535684535401818, -0.012369427547160833, -0.9861562305013963, -0.026718199472073177]
    - [0.0, 0.0, 0.0, 1.0]
  cam_overlaps: []
  camera_model: pinhole
  distortion_coeffs: [0.34515140849756487, -0.692760340539765, 0.0014965012042191025, -0.0002650631163560476]
  distortion_model: radtan
  intrinsics: [448.62135582592396, 448.6773681147427, 314.7146841915813, 238.94925696208978]
  resolution: [640, 480]
  rostopic: /usb_cam/image_raw
  timeshift_cam_imu: -0.0820796654745161