%YAML:1.0

cam0:
  T_cam_imu:
    - [-0.0029140257352564957, -0.9993031357698654, 0.03721224656652971, 0.00589251148701515]
    - [-0.9899961710171301, -0.0023664694666698937, -0.1410743817767233, 0.047465959373172585]
    - [0.14106413373156063, -0.037251075994892524, -0.9892993821446505, -0.03477111882548286]
    - [0.0, 0.0, 0.0, 1.0]
  cam_overlaps: []
  camera_model: pinhole
  distortion_coeffs: [0.337838465420568, -0.6696671525347586, 0.002446673943979016, -0.0001138134268860043]
  distortion_model: radtan
  intrinsics: [450.4519809590358, 450.96709420493585, 314.8125833872981, 239.1755159110749]
  resolution: [640, 480]
  rostopic: /usb_cam/image_raw
  timeshift_cam_imu: -0.07989653399470269