%YAML:1.0

cam0:
  T_cam_imu:
    - [0.0047983539877233024, 0.9994799090844928, -0.03188866782201409, 0.0013309879395100174]
    - [0.9996378615314452, -0.003949842092908296, 0.026618499963003642, -0.061587808170984935]
    - [0.026478700720538297, -0.03200484469412946, -0.999136911701423, -0.014476314531784005]
    - [0.0, 0.0, 0.0, 1.0]
  cam_overlaps: []
  camera_model: pinhole
  distortion_coeffs: [0.3473120932777342, -0.6787089565171955, 0.0008607991824411555, -0.0008342758768944508]
  distortion_model: radtan
  intrinsics: [448.20605953890583, 448.37703903362785, 324.8666802487523, 237.51302685708006]
  resolution: [640, 480]
  rostopic: /usb_cam/image_raw
  timeshift_cam_imu: -0.08176369730017155