%YAML:1.0

cam0:
  T_cam_imu:
    - [-0.06808443694500434, -0.9976668138784793, -0.00504360302196916, 0.007474525293091582]
    - [-0.9972952694942897, 0.06791704171827105, 0.02809663482604889, 0.03461557995157465]
    - [-0.027688533550757875, 0.006942904997197892, -0.9995924875568074, -0.05578716275962762]
    - [0.0, 0.0, 0.0, 1.0]
  cam_overlaps: []
  camera_model: pinhole
  distortion_coeffs: [0.33579371926240925, -0.7913987870393522, -0.006709770101088209, 0.0022964696900911203]
  distortion_model: radtan
  intrinsics: [432.65511246332795, 432.7035428632242, 317.7054529163859, 234.11688800173368]
  resolution: [640, 480]
  rostopic: /usb_cam/image_raw
  timeshift_cam_imu: -0.08168680548036278
