%YAML:1.0

imu0:
  T_i_b:
    - [1.0, 0.0, 0.0, 0.0]
    - [0.0, 1.0, 0.0, 0.0]
    - [0.0, 0.0, 1.0, 0.0]
    - [0.0, 0.0, 0.0, 1.0]
  accelerometer_noise_density: 0.0018970099565559662
  accelerometer_random_walk: 6.33844045766573e-05
  gyroscope_noise_density: 0.00010972828951956832
  gyroscope_random_walk: 5.665505255465733e-06
  model: calibrated
  rostopic: /mavros/imu/data_raw
  time_offset: 0.0
  update_rate: 300