%YAML:1.0

imu0:
  T_i_b:
    - [1.0, 0.0, 0.0, 0.0]
    - [0.0, 1.0, 0.0, 0.0]
    - [0.0, 0.0, 1.0, 0.0]
    - [0.0, 0.0, 0.0, 1.0]
  accelerometer_noise_density: 0.004685890132556276
  accelerometer_random_walk: 0.0018555477663207119
  gyroscope_noise_density: 0.00030183152771807526
  gyroscope_random_walk: 4.529741242074381e-06
  model: calibrated
  rostopic: /mavros/imu/data_raw
  time_offset: 0.0
  update_rate: 300