%YAML:1.0

cam0:
  T_cam_imu:
    - [-0.006609067167010046, -0.9992584620312727, 0.03793212741303092, 0.012737256465509059]
    - [-0.9904815005772837, 0.0013261822610738324, -0.13763952286601266, 0.036350858796580884]
    - [0.13748715301931, -0.03848073933160425, -0.9897557857649223, 0.01481602304225279]
    - [0.0, 0.0, 0.0, 1.0]
  cam_overlaps: []
  camera_model: pinhole
  distortion_coeffs: [0.3428238736149249, -0.6597578397847834, 0.00257092502885656, 0.0011691265696425954]
  distortion_model: radtan
  intrinsics: [453.0599672401485, 453.8772065218324, 315.72951315977446, 239.8562680498721]
  resolution: [640, 480]
  rostopic: /usb_cam/image_raw
  timeshift_cam_imu: -0.06854232204140731