%YAML:1.0

cam0:
  T_cam_imu:
    - [-0.010739138943987533, -0.9992113491330988, 0.03822761643570225, 0.03328458708319557]
    - [-0.9894094203951377, 0.0050840181550028726, -0.1450625781956132, 0.044224380491402905]
    - [0.14475382457158265, -0.03938061100355152, -0.9886837197753827, 0.023615412864849333]
    - [0.0, 0.0, 0.0, 1.0]
  cam_overlaps: []
  camera_model: pinhole
  distortion_coeffs: [0.330196952605952, -0.6209750853551411, 0.0016114410175852745, 8.617375130288873e-06]
  distortion_model: radtan
  intrinsics: [453.77368549276645, 454.7062965600255, 314.4448884522805, 238.5739910611623]
  resolution: [640, 480]
  rostopic: /usb_cam/image_raw
  timeshift_cam_imu: -0.05721281864097955